Timestamp:        0.000000    ID:      123    S Rx                DL:  4    01 02 03 04
Timestamp:        0.000213    ID:      123    S Rx                DL:  4    05 06 07 08
Timestamp:        0.000384    ID:      123    S Rx                DL:  4    01 02 03 04
